TOTAL 4
QUADS 4
// Front
  -1.0   -1.0    1.0     0.0   0.0    0.0   0.0  0.0 	
   1.0   -1.0    1.0     1.0   0.0  	0.0   0.0  0.0 
   1.0    1.0    1.0     1.0   1.0  	0.0   0.0  0.0 
  -1.0    1.0    1.0     0.0   1.0  	0.0   0.0  0.0 
// Back
  -1.0   -1.0   -1.0     1.0   0.0  	0.0   0.0  0.0 
  -1.0    1.0   -1.0     1.0   1.0  	0.0   0.0  0.0 
   1.0    1.0   -1.0     0.0   1.0  	0.0   0.0  0.0 
   1.0   -1.0   -1.0     0.0   0.0  	0.0   0.0  0.0 
// Right
   1.0   -1.0   -1.0     1.0   0.0  	0.0   0.0  0.0 
   1.0    1.0   -1.0     1.0   1.0  	0.0   0.0  0.0 
   1.0    1.0    1.0     0.0   1.0  	0.0   0.0  0.0 
   1.0   -1.0    1.0     0.0   0.0  	0.0   0.0  0.0 
// Left
  -1.0   -1.0   -1.0     0.0   0.0  	0.0   0.0  0.0 
  -1.0   -1.0    1.0     1.0   0.0  	0.0   0.0  0.0 
  -1.0    1.0    1.0     1.0   1.0  	0.0   0.0  0.0 
  -1.0    1.0   -1.0     0.0   1.0  	0.0   0.0  0.0 
TEXTURES 1
4
