TOTAL 6
TRIANGLES 2
// Floor 1
-2.0  0.0 -2.0 0.0 6.0   0.0  0.0  0.0
-2.0  0.0  2.0 0.0 0.0   0.0  0.0  0.0
 2.0  0.0  2.0 6.0 0.0   0.0  0.0  0.0
//
-2.0  0.0 -2.0 0.0 6.0   0.0  0.0  0.0
 2.0  0.0  2.0 6.0 0.0   0.0  0.0  0.0
 2.0  0.0 -2.0 6.0 6.0   0.0  0.0  0.0
QUADS 4
//1-down
0.5 0.0 2.0 0.0 0.0
-0.5 0.0 2.0 1.0 0.0
-0.5 0.0 3.0 1.0 1.0
0.5 0.0 3.0 0.0 1.0
//2-down
0.5 0.0 -2.0 0.0 0.0
-0.5 0.0 -2.0 1.0 0.0
-0.5 0.0 -3.0 1.0 1.0
0.5 0.0 -3.0 0.0 1.0
//3-down
-2.0 0.0  0.5 0.0 0.0
-2.0 0.0 -0.5 1.0 0.0
-3.0 0.0 -0.5 1.0 1.0
-3.0 0.0  0.5 0.0 1.0
//4-down
2.0 0.0  0.5 0.0 0.0
2.0 0.0 -0.5 1.0 0.0
3.0 0.0 -0.5 1.0 1.0
3.0 0.0  0.5 0.0 1.0
TEXTURES 1
6
