TOTAL 5
QUADS 5
//first
-0.5 0.0 0.0 0.0 0.0 0.0 0.0 0.0 
0.5 0.0 0.0  0.0 1.0 0.0 0.0 0.0 
0.5 1.0 0.0  1.0 0.0 0.0 0.0 0.0 
-0.5 1.0 0.0 1.0 1.0 0.0 0.0 0.0 
//second
0.5 0.0 0.0  0.0 0.0 0.0 0.0 0.0
0.5 0.0 1.0  0.0 1.0 0.0 0.0 0.0
0.5 1.0 1.0  1.0 0.0 0.0 0.0 0.0
0.5 1.0 0.0  1.0 1.0 0.0 0.0 0.0
//third
0.5 0.0 1.0   0.0 0.0 0.0 0.0 0.0
0.0 0.0 0.133 0.0 1.0 0.0 0.0 0.0
0.0 1.0 0.133 1.0 0.0 0.0 0.0 0.0
0.5 1.0 1.0   1.0 1.0 0.0 0.0 0.0
//forth
0.0 0.0 0.133 0.0 0.0 0.0 0.0 0.0
-0.5 0.0 1.0 0.0 1.0 0.0 0.0 0.0
-0.5 1.0 1.0 1.0 0.0 0.0 0.0 0.0
0.0 1.0 0.133 1.0 1.0 0.0 0.0 0.0
//fifth
-0.5 0.0 1.0 0.0 0.0 0.0 0.0 0.0
-0.5 0.0 0.0 0.0 1.0 0.0 0.0 0.0
-0.5 1.0 0.0 1.0 0.0 0.0 0.0 0.0
-0.5 1.0 1.0 1.0 1.0 0.0 0.0 0.0
TEXTURES 1
0
